%69,68
%72,46
%72,62
%72,75
%72,92
%72,98
%81,50
%82,96
%83,21
%86,06
%86,35
%87,65
%92,88
%94,74
+10,3
+11,8
-1
.
1
10
100
19.591
1B CNN
2
22
3
4
5
50,9
55,2
57,4
58,2
59,2
6
60,7
67,4
67.885
68,4
68,5
68,6
69,1
69,3
7
71,5
72,5
73,9
74,3
74,4
75,6
77,0
77,9
78,5
8
80,6
80,8
80,9
81,1
81,3
81,4
82,0
82,1
82,2
82,5
83,3
84,4
85,4
85,9
86,2
86,3
86,4
87,0
87,4
88,3
88,9
89,2
89,3
89,9
9
90,2
90,4
91,9
92,0
92,2
92,6
92,7
93,1
93,9
94,6
94,8
95,1
96,7
96,8
97,4
CNN
KNN
MAV
MEET
MLP
RF
RMS
Random Forest
SSC
SVM
SVM / RF / MEET
WL
~%73
~%82,7
~%83
~+10
•  
→